humidity (relative humidity (RH)) 
Daily high/low 99.49 99.49
Monthly high/low 99.49 2.15
Yearly high/low 99.88 1.96
Hourly readings (past hour) 94.57 79.83 27.09 65.56 65.27 94.86 55.85 16.27 20.46 22.25 31.55 93.35 84.78 28.05 29.3 29.27 61.53 67.61 2.37 34.42 2.97 32.79 92.83 99.49 
Most recent readings 94.57 79.83 27.09 65.56 65.27 94.86 55.85 16.27 20.46 22.25 31.55 93.35 84.78 28.05 29.3 29.27 61.53 67.61 2.37 34.42 2.97 32.79 92.83 99.49 
-----------------------------------------------------------------
temperature (celcius) 
Daily high/low 56.81 56.81
Monthly high/low 62.01 10.67
Yearly high/low 64.2 0.8
Hourly readings (past hour) 48.68 1.73 10.28 1.7 48.23 20.41 28.22 15.79 51.8 7.17 62.0 30.64 62.01 35.23 22.24 12.8 36.24 34.2 20.85 16.88 53.31 56.58 10.67 56.81 
Most recent readings 48.68 1.73 10.28 1.7 48.23 20.41 28.22 15.79 51.8 7.17 62.0 30.64 62.01 35.23 22.24 12.8 36.24 34.2 20.85 16.88 53.31 56.58 10.67 56.81 
-----------------------------------------------------------------
soil moisture (cb) 
Daily high/low 161.38 74.02
Monthly high/low 199.25 1.59
Yearly high/low 199.77 0.38
Hourly readings (past hour) 133.31 110.35 66.86 68.68 7.78 88.15 23.04 158.68 99.83 65.73 28.64 131.39 8.46 50.56 102.83 114.32 132.73 128.73 178.25 160.06 158.65 161.38 141.75 74.02 
Most recent readings 133.31 110.35 66.86 68.68 7.78 88.15 23.04 158.68 99.83 65.73 28.64 131.39 8.46 50.56 102.83 114.32 132.73 128.73 178.25 160.06 158.65 161.38 141.75 74.02 
-----------------------------------------------------------------
rain fall (millimeters) 
Daily high/low 181.18 140.58
Monthly high/low 199.17 9.4
Yearly high/low 199.71 0.06
Hourly readings (past hour) 163.04 19.17 67.47 9.4 119.26 115.89 53.84 139.95 147.88 146.57 186.3 43.84 99.72 120.14 187.32 190.89 39.11 102.75 108.94 197.17 183.9 181.18 157.94 140.58 
Most recent readings 163.04 19.17 67.47 9.4 119.26 115.89 53.84 139.95 147.88 146.57 186.3 43.84 99.72 120.14 187.32 190.89 39.11 102.75 108.94 197.17 183.9 181.18 157.94 140.58 
-----------------------------------------------------------------
ultra violet (MEDs) 
Daily high/low 88.74 48.21
Monthly high/low 198.92 0.63
Yearly high/low 198.99 0.26
Hourly readings (past hour) 105.23 45.26 171.4 113.92 163.4 12.83 121.55 103.58 197.39 26.07 48.77 5.23 151.02 139.02 158.73 171.78 68.82 11.04 111.99 52.8 8.21 88.74 48.21 67.06 
Most recent readings 105.23 45.26 171.4 113.92 163.4 12.83 121.55 103.58 197.39 26.07 48.77 5.23 151.02 139.02 158.73 171.78 68.82 11.04 111.99 52.8 8.21 88.74 48.21 67.06 
-----------------------------------------------------------------
solar radiation (W/m^2) 
Daily high/low 184.55 113.83
Monthly high/low 198.09 0.26
Yearly high/low 199.24 0.26
Hourly readings (past hour) 153.17 32.59 124.68 80.95 185.79 186.53 128.19 128.39 0.26 151.28 114.46 183.22 182.91 147.0 74.92 119.76 26.53 84.96 166.76 131.71 46.22 113.83 184.55 173.74 
Most recent readings 153.17 32.59 124.68 80.95 185.79 186.53 128.19 128.39 0.26 151.28 114.46 183.22 182.91 147.0 74.92 119.76 26.53 84.96 166.76 131.71 46.22 113.83 184.55 173.74 
-----------------------------------------------------------------
wind direction (degrees) 
Daily high/low 61.51 17.98
Monthly high/low 96.34 2.03
Yearly high/low 99.03 1.2
Hourly readings (past hour) 81.7 73.93 23.76 83.24 79.62 36.36 64.11 23.81 2.03 33.4 41.57 20.4 96.34 29.27 17.79 75.29 44.24 77.88 90.17 70.28 50.37 90.07 61.51 17.98 
Most recent readings 81.7 73.93 23.76 83.24 79.62 36.36 64.11 23.81 2.03 33.4 41.57 20.4 96.34 29.27 17.79 75.29 44.24 77.88 90.17 70.28 50.37 90.07 61.51 17.98 
-----------------------------------------------------------------
wind speed (mph) 
Daily high/low 183.27 79.69
Monthly high/low 198.93 2.07
Yearly high/low 199.93 1.25
Hourly readings (past hour) 54.14 100.67 69.77 29.87 170.15 9.97 6.14 180.16 177.98 79.23 53.13 60.84 90.84 194.49 191.7 54.91 29.39 141.04 62.6 55.43 169.23 79.69 83.47 183.27 
Most recent readings 54.14 100.67 69.77 29.87 170.15 9.97 6.14 180.16 177.98 79.23 53.13 60.84 90.84 194.49 191.7 54.91 29.39 141.04 62.6 55.43 169.23 79.69 83.47 183.27 
-----------------------------------------------------------------
rain rate (millimeters) 
Daily high/low 0.82 0.82
Monthly high/low 0.82 0.82
Yearly high/low 0.83 0.15
Hourly readings (past hour) 0.83 0.15 0.82 
Most recent readings 0.83 0.15 0.82 
-----------------------------------------------------------------
