humidity (relative humidity (RH)) 
Daily high/low 80.08 13.12
Monthly high/low 87.55 13.12
Yearly high/low 99.88 1.96
Hourly readings (past hour) 57.72 37.22 6.5 55.35 92.18 92.82 88.04 81.5 69.37 65.02 95.95 51.81 3.42 48.9 55.33 92.37 86.41 87.55 43.3 37.94 78.68 13.12 70.22 80.08 
Most recent readings 57.72 37.22 6.5 55.35 92.18 92.82 88.04 81.5 69.37 65.02 95.95 51.81 3.42 48.9 55.33 92.37 86.41 87.55 43.3 37.94 78.68 13.12 70.22 80.08 
-----------------------------------------------------------------
temperature (celcius) 
Daily high/low 48.23 20.41
Monthly high/low 48.23 1.7
Yearly high/low 64.2 0.8
Hourly readings (past hour) 46.63 2.04 8.95 29.05 37.97 43.02 11.4 61.09 2.36 11.73 29.66 30.23 10.04 47.5 33.27 57.43 34.18 42.68 48.68 1.73 10.28 1.7 48.23 20.41 
Most recent readings 46.63 2.04 8.95 29.05 37.97 43.02 11.4 61.09 2.36 11.73 29.66 30.23 10.04 47.5 33.27 57.43 34.18 42.68 48.68 1.73 10.28 1.7 48.23 20.41 
-----------------------------------------------------------------
soil moisture (cb) 
Daily high/low 188.66 24.87
Monthly high/low 188.66 4.92
Yearly high/low 199.77 2.34
Hourly readings (past hour) 75.73 91.71 162.04 51.35 115.94 159.89 6.77 38.34 80.86 110.1 120.67 143.77 91.21 116.59 4.92 146.42 174.82 188.66 24.87 93.81 96.24 93.03 123.5 60.12 
Most recent readings 75.73 91.71 162.04 51.35 115.94 159.89 6.77 38.34 80.86 110.1 120.67 143.77 91.21 116.59 4.92 146.42 174.82 188.66 24.87 93.81 96.24 93.03 123.5 60.12 
-----------------------------------------------------------------
rain fall (millimeters) 
Daily high/low 195.6 24.85
Monthly high/low 195.6 14.43
Yearly high/low 199.71 0.06
Hourly readings (past hour) 78.54 36.85 134.45 145.83 71.33 141.49 92.5 104.19 52.11 29.59 163.07 14.43 30.35 49.86 109.46 133.82 36.36 133.26 24.85 62.09 39.82 125.76 103.15 195.6 
Most recent readings 78.54 36.85 134.45 145.83 71.33 141.49 92.5 104.19 52.11 29.59 163.07 14.43 30.35 49.86 109.46 133.82 36.36 133.26 24.85 62.09 39.82 125.76 103.15 195.6 
-----------------------------------------------------------------
ultra violet (MEDs) 
Daily high/low 150.78 10.84
Monthly high/low 150.78 5.97
Yearly high/low 198.99 0.26
Hourly readings (past hour) 0.26 74.48 119.55 8.41 145.08 65.61 98.1 5.97 89.6 145.36 34.38 78.53 93.59 84.94 85.65 102.35 10.84 43.8 150.78 126.71 104.29 90.06 19.34 73.82 
Most recent readings 0.26 74.48 119.55 8.41 145.08 65.61 98.1 5.97 89.6 145.36 34.38 78.53 93.59 84.94 85.65 102.35 10.84 43.8 150.78 126.71 104.29 90.06 19.34 73.82 
-----------------------------------------------------------------
solar radiation (W/m^2) 
Daily high/low 180.01 20.87
Monthly high/low 196.63 3.76
Yearly high/low 199.24 0.56
Hourly readings (past hour) 27.43 86.31 85.81 28.92 167.51 104.39 196.63 9.92 155.99 100.44 47.42 3.76 177.81 99.75 20.09 112.79 20.87 180.01 141.48 38.59 74.8 75.48 92.87 42.15 
Most recent readings 27.43 86.31 85.81 28.92 167.51 104.39 196.63 9.92 155.99 100.44 47.42 3.76 177.81 99.75 20.09 112.79 20.87 180.01 141.48 38.59 74.8 75.48 92.87 42.15 
-----------------------------------------------------------------
wind direction (degrees) 
Daily high/low 80.43 7.56
Monthly high/low 82.33 7.56
Yearly high/low 99.03 1.2
Hourly readings (past hour) 41.19 14.67 75.36 16.69 21.27 50.09 64.43 38.29 50.46 18.76 5.7 62.07 41.9 82.33 22.02 62.3 74.87 54.15 21.98 7.56 69.21 14.42 80.43 66.72 
Most recent readings 41.19 14.67 75.36 16.69 21.27 50.09 64.43 38.29 50.46 18.76 5.7 62.07 41.9 82.33 22.02 62.3 74.87 54.15 21.98 7.56 69.21 14.42 80.43 66.72 
-----------------------------------------------------------------
wind speed (mph) 
Daily high/low 189.68 35.9
Monthly high/low 189.68 25.76
Yearly high/low 199.93 1.25
Hourly readings (past hour) 119.95 123.19 185.94 182.65 97.8 96.77 102.75 84.48 35.8 179.89 40.21 30.55 144.27 25.76 58.3 186.75 35.9 189.68 68.78 42.29 46.89 112.54 118.69 169.71 
Most recent readings 119.95 123.19 185.94 182.65 97.8 96.77 102.75 84.48 35.8 179.89 40.21 30.55 144.27 25.76 58.3 186.75 35.9 189.68 68.78 42.29 46.89 112.54 118.69 169.71 
-----------------------------------------------------------------
rain rate (millimeters) 
Daily high/low 0.15 0.15
Monthly high/low 0.83 0.15
Yearly high/low 0.83 0.15
Hourly readings (past hour) 0.83 0.15 
Most recent readings 0.83 0.15 
-----------------------------------------------------------------
